  0.000764
  0.000763
  0.000763
  0.000764
  0.000763
  0.000763
  0.000764
  0.000763
  0.000763
  0.000764
  0.000765
  0.000764
  0.000765
  0.000765
  0.000764
  0.000764
  0.000765
  0.000765
  0.000764
  0.000765
  0.000766
  0.000766
  0.000766
  0.000766
  0.000765
  0.000766
  0.000766
  0.000765
  0.000766
  0.000766
  0.000767
  0.000766
  0.000767
  0.000767
  0.000767
  0.000767
  0.000767
  0.000767
  0.000766
  0.000767
  0.000769
  0.000769
  0.000770
  0.000770
  0.000769
  0.000769
  0.000769
  0.000769
  0.000768
  0.000769
  0.000771
  0.000771
  0.000770
  0.000770
  0.000771
  0.000771
  0.000770
  0.000770
  0.000771
  0.000771
  0.000774
  0.000773
  0.000772
  0.000771
  0.000772
  0.000773
  0.000771
  0.000771
  0.000773
  0.000774
  0.000774
  0.000774
  0.000775
  0.000774
  0.000775
  0.000775
  0.000774
  0.000775
  0.000774
  0.000774
  0.000778
  0.000778
  0.000777
  0.000777
  0.000778
  0.000777
  0.000777
  0.000776
  0.000777
  0.000778
  0.000780
  0.000780
  0.000782
  0.000781
  0.000781
  0.000781
  0.000781
  0.000782
  0.000780
  0.000780
  0.000784
  0.000785
  0.000786
  0.000783
  0.000783
  0.000783
  0.000783
  0.000785
  0.000786
  0.000785
  0.000788
  0.000790
  0.000788
  0.000787
  0.000787
  0.000787
  0.000787
  0.000788
  0.000790
  0.000788
  0.000793
  0.000796
  0.000794
  0.000795
  0.000793
  0.000794
  0.000795
  0.000795
  0.000791
  0.000794
  0.000802
  0.000798
  0.000801
  0.000797
  0.000798
  0.000798
  0.000797
  0.000801
  0.000798
  0.000802
  0.000804
  0.000805
  0.000806
  0.000804
  0.000807
  0.000807
  0.000804
  0.000805
  0.000807
  0.000805
avg = 0.000778, min = 0.000763, max = 0.000807
