  0.000624
  0.000624
  0.000624
  0.000624
  0.000624
  0.000624
  0.000624
  0.000624
  0.000624
  0.000624
  0.000624
  0.000624
  0.000624
  0.000624
  0.000624
  0.000624
  0.000624
  0.000624
  0.000624
  0.000624
  0.000624
  0.000624
  0.000624
  0.000624
  0.000624
  0.000624
  0.000624
  0.000624
  0.000624
  0.000624
  0.000624
  0.000624
  0.000624
  0.000624
  0.000624
  0.000624
  0.000624
  0.000624
  0.000624
  0.000624
  0.000624
  0.000624
  0.000624
  0.000624
  0.000624
  0.000624
  0.000624
  0.000624
  0.000624
  0.000624
  0.000624
  0.000624
  0.000624
  0.000624
  0.000624
  0.000624
  0.000624
  0.000624
  0.000624
  0.000624
  0.000624
  0.000624
  0.000624
  0.000624
  0.000624
  0.000624
  0.000624
  0.000625
  0.000625
  0.000625
  0.000624
  0.000624
  0.000624
  0.000624
  0.000625
  0.000626
  0.000625
  0.000624
  0.000624
  0.000624
  0.000624
  0.000624
  0.000624
  0.000624
  0.000624
  0.000624
  0.000625
  0.000624
  0.000624
  0.000624
  0.000624
  0.000624
  0.000625
  0.000625
  0.000624
  0.000624
  0.000624
  0.000624
  0.000624
  0.000624
  0.000624
  0.000624
  0.000624
  0.000625
  0.000625
  0.000628
  0.000624
  0.000624
  0.000624
  0.000624
  0.000624
  0.000624
  0.000624
  0.000624
  0.000624
  0.000624
  0.000624
  0.000624
  0.000624
  0.000624
  0.000624
  0.000624
  0.000624
  0.000624
  0.000624
  0.000624
  0.000624
  0.000624
  0.000624
  0.000624
  0.000624
  0.000624
  0.000624
  0.000624
avg = 0.000624, min = 0.000624, max = 0.000628
