  0.000682
  0.000682
  0.000681
  0.000683
  0.000682
  0.000682
  0.000683
  0.000681
  0.000682
  0.000682
  0.000685
  0.000683
  0.000685
  0.000683
  0.000684
  0.000684
  0.000683
  0.000685
  0.000683
  0.000685
  0.000686
  0.000685
  0.000685
  0.000685
  0.000686
  0.000686
  0.000686
  0.000685
  0.000685
  0.000687
  0.000687
  0.000688
  0.000687
  0.000687
  0.000688
  0.000688
  0.000687
  0.000687
  0.000688
  0.000687
  0.000690
  0.000690
  0.000692
  0.000691
  0.000691
  0.000691
  0.000691
  0.000692
  0.000690
  0.000690
  0.000694
  0.000693
  0.000692
  0.000692
  0.000693
  0.000693
  0.000692
  0.000692
  0.000693
  0.000694
  0.000696
  0.000696
  0.000696
  0.000696
  0.000696
  0.000696
  0.000696
  0.000696
  0.000696
  0.000697
  0.000698
  0.000699
  0.000700
  0.000699
  0.000699
  0.000699
  0.000699
  0.000700
  0.000699
  0.000698
  0.000703
  0.000704
  0.000702
  0.000704
  0.000703
  0.000703
  0.000704
  0.000702
  0.000703
  0.000703
  0.000709
  0.000707
  0.000708
  0.000707
  0.000707
  0.000707
  0.000707
  0.000708
  0.000707
  0.000709
  0.000712
  0.000711
  0.000712
  0.000711
  0.000712
  0.000712
  0.000711
  0.000712
  0.000712
  0.000713
  0.000716
  0.000716
  0.000716
  0.000717
  0.000718
  0.000718
  0.000717
  0.000716
  0.000716
  0.000716
  0.000724
  0.000725
  0.000723
  0.000725
  0.000723
  0.000723
  0.000724
  0.000723
  0.000723
  0.000723
  0.000733
  0.000730
  0.000732
  0.000730
  0.000731
  0.000731
  0.000730
  0.000732
  0.000730
  0.000733
  0.000739
  0.000739
  0.000740
  0.000739
  0.000739
  0.000742
  0.000737
  0.000740
  0.000741
  0.000739
avg = 0.000703, min = 0.000681, max = 0.000742
