  0.000651
  0.000652
  0.000652
  0.000652
  0.000652
  0.000652
  0.000652
  0.000652
  0.000652
  0.000652
  0.000652
  0.000651
  0.000652
  0.000652
  0.000652
  0.000652
  0.000652
  0.000652
  0.000652
  0.000652
  0.000652
  0.000652
  0.000652
  0.000652
  0.000652
  0.000652
  0.000652
  0.000651
  0.000652
  0.000651
  0.000652
  0.000652
  0.000652
  0.000651
  0.000652
  0.000652
  0.000652
  0.000652
  0.000651
  0.000652
  0.000652
  0.000652
  0.000652
  0.000652
  0.000651
  0.000651
  0.000652
  0.000652
  0.000651
  0.000651
  0.000651
  0.000652
  0.000651
  0.000652
  0.000651
  0.000652
  0.000651
  0.000652
  0.000652
  0.000651
  0.000651
  0.000651
  0.000652
  0.000652
  0.000652
  0.000652
  0.000651
  0.000652
  0.000651
  0.000652
  0.000652
  0.000651
  0.000652
  0.000652
  0.000652
  0.000652
  0.000652
  0.000652
  0.000652
  0.000652
  0.000652
  0.000652
  0.000651
  0.000651
  0.000650
  0.000650
  0.000650
  0.000650
  0.000651
  0.000651
  0.000651
  0.000651
  0.000650
  0.000651
  0.000651
  0.000651
  0.000651
  0.000651
  0.000651
  0.000651
  0.000651
  0.000651
  0.000650
  0.000650
  0.000651
  0.000650
  0.000650
  0.000650
  0.000650
  0.000650
  0.000651
  0.000651
  0.000651
  0.000650
  0.000651
  0.000651
  0.000651
  0.000652
  0.000652
  0.000650
  0.000651
  0.000651
  0.000651
  0.000650
  0.000651
  0.000651
  0.000651
  0.000651
  0.000651
  0.000650
  0.000651
  0.000650
  0.000649
  0.000651
  0.000651
  0.000651
  0.000651
  0.000651
  0.000649
  0.000648
  0.000648
  0.000647
  0.000649
  0.000648
  0.000649
  0.000648
  0.000648
  0.000649
  0.000648
  0.000648
  0.000649
  0.000648
  0.000648
  0.000648
  0.000648
  0.000649
  0.000648
  0.000649
  0.000647
  0.000649
  0.000648
  0.000648
  0.000649
  0.000648
  0.000649
  0.000649
  0.000648
  0.000648
  0.000648
  0.000649
  0.000648
avg = 0.000651, min = 0.000647, max = 0.000652
