  0.000652
  0.000653
  0.000652
  0.000652
  0.000651
  0.000651
  0.000652
  0.000652
  0.000653
  0.000652
  0.000654
  0.000654
  0.000653
  0.000654
  0.000653
  0.000653
  0.000654
  0.000653
  0.000654
  0.000654
  0.000655
  0.000656
  0.000655
  0.000656
  0.000655
  0.000655
  0.000656
  0.000655
  0.000656
  0.000655
  0.000657
  0.000658
  0.000657
  0.000657
  0.000657
  0.000657
  0.000657
  0.000657
  0.000658
  0.000657
  0.000659
  0.000661
  0.000660
  0.000660
  0.000658
  0.000658
  0.000660
  0.000660
  0.000661
  0.000659
  0.000662
  0.000664
  0.000662
  0.000661
  0.000661
  0.000661
  0.000661
  0.000662
  0.000664
  0.000662
  0.000667
  0.000668
  0.000664
  0.000665
  0.000665
  0.000665
  0.000665
  0.000664
  0.000668
  0.000667
  0.000668
  0.000668
  0.000667
  0.000668
  0.000667
  0.000667
  0.000668
  0.000667
  0.000668
  0.000668
  0.000673
  0.000672
  0.000672
  0.000672
  0.000672
  0.000672
  0.000672
  0.000672
  0.000672
  0.000673
  0.000675
  0.000677
  0.000676
  0.000677
  0.000674
  0.000674
  0.000677
  0.000676
  0.000677
  0.000675
  0.000681
  0.000682
  0.000680
  0.000681
  0.000680
  0.000680
  0.000681
  0.000680
  0.000682
  0.000681
  0.000685
  0.000687
  0.000684
  0.000685
  0.000684
  0.000684
  0.000685
  0.000684
  0.000687
  0.000685
  0.000693
  0.000692
  0.000692
  0.000693
  0.000690
  0.000690
  0.000693
  0.000692
  0.000692
  0.000693
  0.000699
  0.000699
  0.000698
  0.000697
  0.000698
  0.000698
  0.000697
  0.000698
  0.000699
  0.000699
  0.000707
  0.000706
  0.000706
  0.000708
  0.000706
  0.000706
  0.000708
  0.000706
  0.000706
  0.000707
avg = 0.000672, min = 0.000651, max = 0.000708
