   79    95    16 
   82    85     3 
   80    81     1 
   81    83     1 
   81    82     1 
   82    83     1 
   81    82     1 
   78    80     2 
   80    82     2 
   80    81     1 
   80    91    11 
   79    80     1 
   81    83     1 
   82    83     1 
   86    92     6 
   82    83     1 
   81    83     2 
   83    83     0 
   82    82     0 
   84    86     2 
   82    91     9 
   82    83     1 
   83    83     0 
   82    83     1 
   82    83     0 
   82    83     1 
   84    90     6 
   71    73     2 
   68    69     0 
   68    71     3 
   68    70     2 
   69    72     3 
   68    68     0 
   67    68     1 
   69    75     6 
   67    68     1 
   66    69     3 
   66    67     0 
   69    70     1 
   68    69     1 
   68    69     1 
   68    68     0 
   67    68     0 
   67    68     1 
   67    68     0 
   66    68     1 
   68    69     1 
   67    67     0 
   67    68     0 
   65    66     1 
   66    66     0 
   68    69     1 
   69    72     3 
   66    67     1 
   67    69     2 
   66    68     1 
   67    71     4 
   65    66     0 
   68    76     8 
   64    66     2 
   65    67     1 
   65    67     2 
   71    76     4 
   68    68     0 
   69    70     1 
   67    68     0 
   67    68     0 
   72    73     1 
   67    68     1 
   68    68     0 
   70    71     1 
   70    74     3 
   68    73     5 
   69    69     0 
   67    67     0 
   73    73     0 
   71    73     1 
   68    68     0 
   67    67     0 
   67    68     1 
   67    68     1 
   68    68     0 
   54    54     0 
   54    54     0 
   53    55     2 
   53    55     2 
   52    53     1 
   51    54     2 
   54    58     3 
   55    59     4 
   54    54     0 
   54    55     1 
   51    66    15 
   51    52     0 
   53    54     1 
   53    54     0 
   56    59     3 
   53    53     0 
   53    53     0 
   54    55     1 
   52    73    21 
   55    56     1 
   54    65    11 
   54    61     6 
   55    57     2 
   54    55     0 
   54    55     1 
   57    64     7 
   56    57     1 
   50    77    27 
   53    54     1 
   55    56     1 
   53    54     0 
   54    63     9 
   54    55     1 
   54    54     0 
   56    58     2 
   56    59     2 
   54    54     0 
   54    55     0 
   55    58     3 
   55    59     4 
   52    54     2 
   52    53     1 
   54    54     0 
   54    54     0 
   53    55     2 
   58    58     0 
   52    53     0 
   55    55     0 
   53    54     0 
   54    59     5 
   51    52     0 
   52    53     1 
   52    52     0 
   54    56     1 
   57    58     1 
   41    47     6 
   39    54    15 
   37    38     0 
   38    38     0 
   36    38     1 
   38    38     0 
   37    38     1 
   37    38     1 
   38    39     0 
   39    40     0 
   39    40     0 
   39    40     1 
   40    40     0 
   39    39     0 
   40    41     1 
   41    44     3 
   39    39     0 
   38    39     0 
   39    39     0 
   39    39     0 
   38    39     1 
   38    39     0 
   38    38     0 
   38    39     0 
   38    39     1 
   38    39     0 
   38    38     0 
   39    41     1 
   39    41     1 
   38    39     0 
   38    40     2 
   38    39     0 
   38    39     0 
   36    57    20 
