   71    96    25 
   71    96    25 
   71    96    25 
   71    96    24 
   71    96    24 
   71    96    24 
   71    96    24 
   71    96    25 
   71    96    25 
   71    96    25 
   69    94    25 
   69    94    25 
   69    94    24 
   69    94    25 
   69    94    24 
   69    94    24 
   69    94    25 
   69    94    24 
   69    94    25 
   69    94    25 
   66    91    25 
   66    91    25 
   66    91    24 
   66    91    25 
   66    91    24 
   66    91    24 
   66    91    25 
   66    91    24 
   66    91    25 
   66    91    25 
   64    89    25 
   64    89    24 
   64    89    24 
   64    89    25 
   64    89    24 
   64    89    24 
   64    89    25 
   64    89    24 
   64    89    24 
   64    89    25 
   61    86    24 
   61    86    25 
   61    86    24 
   61    86    24 
   61    85    24 
   61    85    24 
   61    86    24 
   61    86    24 
   61    86    25 
   61    86    24 
   59    84    25 
   59    84    25 
   59    84    25 
   59    84    24 
   59    84    24 
   59    84    24 
   59    84    24 
   59    84    25 
   59    84    25 
   59    84    25 
   56    81    25 
   56    81    25 
   56    81    24 
   56    81    24 
   56    81    25 
   56    81    25 
   56    81    24 
   56    81    24 
   56    81    25 
   56    81    25 
   54    79    24 
   54    79    25 
   54    79    24 
   54    79    25 
   54    79    24 
   54    79    24 
   54    79    25 
   54    79    24 
   54    79    25 
   54    79    24 
   51    76    25 
   51    76    24 
   51    76    25 
   51    76    24 
   51    76    25 
   51    76    25 
   51    76    24 
   51    76    25 
   51    76    24 
   51    76    25 
   49    74    24 
   49    74    25 
   49    74    25 
   49    74    25 
   49    74    24 
   49    74    24 
   49    74    25 
   49    74    25 
   49    74    25 
   49    74    24 
   46    71    24 
   46    71    25 
   46    71    24 
   46    71    25 
   46    71    24 
   46    71    24 
   46    71    25 
   46    71    24 
   46    71    25 
   46    71    24 
   44    69    25 
   44    69    25 
   44    69    24 
   44    69    24 
   44    69    24 
   44    69    24 
   44    69    24 
   44    69    24 
   44    69    25 
   44    69    25 
   41    66    25 
   41    66    24 
   41    66    25 
   41    66    24 
   41    66    24 
   41    66    24 
   41    66    24 
   41    66    25 
   41    66    24 
   41    66    25 
   39    64    25 
   39    64    25 
   39    64    24 
   39    64    25 
   39    64    24 
   39    64    24 
   39    64    25 
   39    64    24 
   39    64    25 
   39    64    25 
   36    61    24 
   36    61    24 
   36    61    24 
   36    61    25 
   36    61    24 
   36    61    24 
   36    61    25 
   36    61    24 
   36    61    24 
   36    61    24 
