   84   118    33 
   84   118    33 
   85   118    33 
   84   119    35 
   84   118    34 
   84   118    34 
   84   119    34 
   85   118    33 
   84   118    33 
   84   117    33 
   81   115    33 
   81   115    33 
   81   116    35 
   82   115    33 
   81   114    33 
   81   114    33 
   82   115    33 
   81   116    35 
   81   115    33 
   81   115    33 
   78   112    33 
   78   112    33 
   79   112    33 
   78   113    35 
   78   112    34 
   78   112    34 
   78   113    34 
   79   112    33 
   78   112    33 
   78   112    34 
   76   108    32 
   75   108    33 
   76   109    33 
   76   109    33 
   75   109    33 
   75   109    33 
   76   109    33 
   76   109    33 
   75   108    33 
   76   108    32 
   72   106    33 
   72   106    33 
   72   107    35 
   72   108    35 
   72   106    33 
   72   106    34 
   72   107    35 
   72   107    35 
   72   106    33 
   72   106    34 
   69   103    33 
   69   103    33 
   70   103    33 
   70   103    33 
   69   103    33 
   69   103    33 
   70   103    33 
   70   103    33 
   69   103    33 
   69   103    33 
   66   100    34 
   66   100    33 
   67   101    34 
   67   101    34 
   66   100    34 
   66   100    34 
   67   101    34 
   67   101    34 
   66   100    33 
   66   100    34 
   64    97    33 
   63    97    33 
   64    97    33 
   63    99    35 
   64    97    33 
   64    97    33 
   63    99    35 
   64    97    33 
   63    97    33 
   64    97    33 
   60    94    34 
   60    94    34 
   61    94    33 
   61    95    34 
   60    94    34 
   60    94    34 
   61    96    35 
   61    94    33 
   60    94    34 
   60    94    34 
   57    92    34 
   57    91    33 
   57    93    35 
   57    93    35 
   58    91    33 
   58    91    33 
   57    93    35 
   57    93    35 
   57    91    33 
   57    92    34 
   54    88    34 
   55    88    33 
   55    89    34 
   55    89    33 
   55    88    33 
   55    88    33 
   55    89    34 
   55    89    34 
   54    88    33 
   55    88    33 
   52    86    34 
   52    85    33 
   52    86    34 
   52    87    35 
   51    85    34 
   51    85    34 
   52    87    35 
   52    86    34 
   52    85    33 
   52    86    34 
   48    82    34 
   48    83    34 
   49    84    35 
   49    83    33 
   49    83    34 
   49    83    34 
   49    84    35 
   49    84    35 
   49    82    33 
   49    83    34 
   45    80    35 
   46    79    33 
   46    80    33 
   46    82    36 
   46    80    34 
   46    80    34 
   46    82    36 
   46    80    33 
   46    79    33 
   45    80    35 
   43    77    34 
   43    76    33 
   43    77    34 
   43    78    35 
   43    77    34 
   42    77    35 
   43    78    34 
   43    77    34 
   43    77    34 
   43    77    34 
