0 0.160938 0.210938 0.190625 0.146875
0 0.430469 0.144531 0.092188 0.085938
0 0.259375 0.151562 0.075000 0.075000
0 0.196875 0.452344 0.046875 0.064062
0 0.122656 0.614062 0.048438 0.065625
0 0.169531 0.628125 0.045312 0.050000
0 0.203125 0.597656 0.053125 0.048438
0 0.328125 0.482031 0.046875 0.054688
0 0.652344 0.289844 0.104688 0.142187
0 0.777344 0.250781 0.132812 0.148438
0 0.749219 0.362500 0.110937 0.134375
0 0.314063 0.561719 0.087500 0.101562
0 0.588281 0.059375 0.067187 0.059375
0 0.639062 0.064844 0.053125 0.045312
