0 0.070312 0.268750 0.134375 0.256250
0 0.157812 0.825000 0.237500 0.293750
0 0.397656 0.071094 0.117188 0.114062
0 0.370312 0.160156 0.118750 0.107813
0 0.489063 0.139063 0.112500 0.093750
0 0.532031 0.044531 0.073438 0.082812
0 0.660937 0.108594 0.075000 0.104688
0 0.567969 0.228125 0.110937 0.106250
0 0.620313 0.323437 0.131250 0.146875
0 0.821094 0.338281 0.120313 0.132812
0 0.300781 0.217188 0.114062 0.109375
0 0.236719 0.280469 0.114062 0.082812
0 0.370312 0.427344 0.143750 0.135937
0 0.510156 0.448437 0.142187 0.153125
0 0.411719 0.321094 0.129688 0.089063
0 0.263281 0.507812 0.126562 0.156250
0 0.722656 0.410156 0.117188 0.120313
0 0.603906 0.501563 0.095312 0.128125
0 0.678906 0.714063 0.110937 0.153125
0 0.925781 0.695312 0.126562 0.140625
0 0.768750 0.853906 0.171875 0.176563
0 0.342969 0.932813 0.220312 0.121875
0 0.467969 0.901563 0.135937 0.137500
